19
7
10
12
21
22
8
12
18
23
10
8
12
7
8
19
20
25
26
9
11
7
11
16
28
17
18
29
30
24
10
17
17
18
29
30
19
20
24
16
18
22
24
28
30
10
12
22
24
28
30
18
30
19
23
12
30
21
27
15
27
8
26
14
18
18
24
18
30
12
18
16
28
21
15
20
22
24
16
18
13
14
13
25
21
23
14
16
26
28
13
14
15
16
17
18
9
11
21
23
27
29
28
19
27
7
11
19
23
11
29
20
24
8
26
7
8
9
10
11
12
9
10
21
22
9
11
20
24
24
30
27
15
17
29
15
17
21
23
27
29
21
30
15
19
20
7
25
16
28
10
28
11
29
11
7
8
9
8
26
9
10
17
18
29
30
17
29
21
23
7
25
24
19
26
20
26
21
22
15
17
21
23
27
29
19
25
29
15
17
21
23
27
29
7
11
19
20
13
19
23
11
29
24
22
28
19
25
7
8
23
29
15
17
10
12
22
24
28
30
19
23
9
27
14
18
11
29
10
28
9
11
21
23
27
29
20
24
8
24
30
19
23
14
16
26
28
13
14
20
26
7
9
10
21
22
9
10
12
22
24
28
30
17
18
29
30
12
30
9
10
11
29
7
11
19
23
21
29
15
27
14
13
14
19
20
25
26
13
14
19
20
25
26
13
15
25
27
9
11
21
23
24
30
22
28
9
7
11
16
8
26
13
17
20
24
17
29
24
30
22
24
9
11
10
12
22
24
28
30
24
30
11
29
13
14
19
20
25
26
7
8
17
18
29
30
7
8
9
10
11
12
9
10
21
22
24
27
11
23
16
18
22
24
28
30
13
17
21
23
18
30
19
20
7
11
19
23
10
28
21
23
9
11
21
23
27
29
7
8
9
10
11
12
7
11
19
23
7
8
20
24
7
8
9
11
7
11
14
16
28
14
16
26
28
15
17
21
23
27
29
19
16
16
18
22
24
28
30
24
30
19
23
8
12
12
30
9
10
17
29
22
16
17
29
26
13
25
18
12
17
29
13
17
12
30
12
30
23
29
22
24
9
11
8
12
14
18
18
30
19
20
28
16
28
9
11
17
29
10
12
22
24
28
30
22
24
10
12
7
8
7
25
9
27
20
26
12
30
12
7
25
23
29
22
24
21
22
13
14
19
20
25
26
10
28
29
15
13
14
10
12
22
24
28
30
12
30
9
11
14
26
20
26
14
16
26
28
29
21
25
12
30
13
14
13
17
10
28
26
8
12
20
24
16
28
13
25
25
21
27
13
11
29
8
10
12
9
11
28
13
25
